1
3500
473920268 877343060
548622395 833400031
-290216280 954624417
-832567395 -550384532
-40444588 -995631431
-900739464 -430980656
-995404896 -77756405
-728861104 677467600
990998508 -126423408
502319916 -859429632
980013932 -181124811
30002712 -999117945
-258799198 -961351595
-226996165 -970252727
-889892600 -455829597
672864594 737217116
-381081324 922956687
664726120 743954525
712988609 -696956741
-994756511 96455219
292775957 951342047
979229111 181950839
944129878 320875148
199376959 -978738637
-544915489 836328832
-436980829 -897856070
-994107800 -100075235
989777459 -129209637
-837992773 -538083558
-935492967 340490047
-89538832 -994662938
-730626306 -681198749
919031735 386336525
-723905682 -686305479
-995105269 54581160
-915874215 390019451
979361259 182616052
-954064612 288637932
-946837355 310573598
-715174810 -695652586
-912494370 -400061799
-815522349 574541446
-198873147 976223999
-396583033 -917924962
-840156214 -534892045
-300339852 951363169
910245232 -403423415
899952338 432163187
452316806 -886482500
-207843556 975692167
-718010004 -694867409
217754279 972178629
701972747 -709910953
356835133 -933423536
-462468383 -882675866
-556637234 -825432606
969644815 236227502
-239136957 968897140
901848362 -420654298
343273746 935158676
146768646 -985313113
862796992 504877374
118235186 988904806
-929837864 -360976521
-552397051 831763917
-858071857 -506643090
749252614 -660738824
836840319 543655079
-900914516 -433795355
729880176 678835609
-471939608 878466915
312702417 949401521
-888415026 455345219
-740830633 -671278483
765574829 641218558
-792531502 -606431422
-814152267 -578833039
996169336 -20106511
-518259964 849862778
-380617824 923543852
-483895037 -873895784
-964686723 258141559
-84952749 995757752
-560957689 825631608
-543987588 838695810
666634962 -741166797
-190093653 -979393068
-489329246 870320726
-396890743 -914490091
641770720 761714568
-990574571 93700122
-922394824 383550170
357052717 930398934
-519602839 -853653604
-402897772 913912762
-474658126 -874946947
-670037431 -740132492
-450341670 891848446
588027355 -804324676
-657035654 -748313416
676346908 733900825
604358090 794979360
284863224 -956979659
76240263 994253789
560085728 -825646624
-853526496 515873389
120939500 988316700
-373678751 926656414
-836839361 544351057
-371313420 927848460
926929356 366436536
102250328 -993960892
387365534 -920540626
-316524736 947839562
513778134 -855331419
-965052570 245726738
-120508429 -989781335
-912744952 405196614
809928746 584505517
480739311 873205218
-191934834 977612248
453016773 890983894
663724352 -744982679
-770837025 -635595215
881585134 -468173207
-816293971 -576880016
241374555 969797329
16861598 995206534
909178683 -407638619
674777115 -737897589
71668162 994946188
568385167 821635437
-51426897 -994715539
822900515 -561807808
733679139 -675841190
366673816 -928990886
-995958961 62325013
528497105 846255809
405549879 -911059486
839426956 -537940497
593289707 802500827
373675292 -926993127
137248263 -986332828
507004845 -856195043
-856552304 511824618
-88601359 -992319623
229231247 969407567
75560593 992852181
-983889864 177134295
-258910023 -965508186
-820456709 563599422
-985181784 -156414009
765945788 -640401296
-271755640 961041788
-701439264 711800690
-865875716 -494777653
-304069596 950658536
-715753969 -691927460
-895442216 439763026
-980183529 196171004
-913270497 -404658759
994371687 47377579
29721037 999198484
979659475 195864610
-862348098 502433176
734393567 -674311352
375185308 926292098
-266621765 962434650
972162401 -221911304
932026843 357088833
-966499524 237165923
276144608 -956431566
57535566 -996211640
999204443 -10374564
-634481495 -770603204
935129395 -348868901
-993712873 62485652
845940316 -530195481
-979900260 -199369835
405818953 913049800
-908769666 -415873325
504618583 -858257797
-757593692 649807891
941467131 -330910384
-891822948 -451468416
-458117261 -886321159
22570784 999216885
774463837 -631244849
-391208076 -919334682
-988770053 125796591
969481879 239107435
-948335991 313725462
-581496276 813511600
-982278112 166073490
-200525201 -975160412
531949721 -845891216
-982477108 175657537
-410344603 910602520
977646097 -202799113
-611000725 -789063600
-631181570 -770593592
-984206713 150597507
-191652186 -977820379
594110368 -802580694
113569678 990793006
-953701326 -295974964
-287435539 -955929133
-845616749 532653780
126830974 990070003
707633952 704725536
862674523 -502152405
12474407 -998326437
-880778696 -467895973
454812070 886764693
886176830 -455422848
-662352744 748722191
316926957 -945782549
840862442 537201759
-370420563 925180498
-995542643 -11705789
-889589007 -449200195
-449842226 888472713
973829603 -208154187
-434777021 899298015
-736650207 -672545071
-518239066 -850253335
910886394 -405288809
531551209 -846412498
-896849867 -436049083
190408931 -980570263
-935599178 349198432
424227444 905545471
-845239802 -530562904
-392485594 -916927712
104876983 -989735472
-860796299 504781603
814678828 574734941
943566089 -325847057
-926028590 373156041
-813361710 -576551769
-972862232 -221743947
-74883315 -992472803
-580887014 -808358771
-865091378 499988415
170107112 983784337
-800195708 591574745
-665356174 -740601565
925417769 -369819878
756381243 -651453706
982023402 -167513443
-540382848 -841070626
-940328878 338621250
-780357076 -618368585
949077621 313504293
-971820688 -225646903
3088566 998938197
-895533730 443213043
80752979 -996493488
319178116 -945150914
-550347904 -831579002
-976630389 204876579
942104333 -322765595
179865661 983292065
797543813 -596993866
-978961647 190519154
-324286405 944885614
362997200 -928483152
504059159 862682469
901113153 -427619272
-627087893 -778815704
866220857 -497117812
23931793 -996900771
809604042 580119281
641584832 762725304
-37290003 -997414064
986453063 135120902
399512625 916623786
988062422 -118410651
-183610583 982902747
927577137 365090230
794682439 -601078471
-994635621 64163323
853359264 512588359
600632971 794238695
974181079 220488145
-985427790 -158914581
-987508382 -137034134
-9692755 998005543
-935752177 339676149
552543014 -832083552
14394593 996494403
-501456073 859654377
405065963 -910615617
-739637505 -669588862
986809112 152057058
800077865 594448531
-975357358 204810554
996018601 23782591
-215240496 -971590338
341084810 939435593
-997162875 66374626
992761106 -117218551
-998446345 522723
-977265958 190664499
-952767601 297244126
768875857 639317413
-83824437 991926075
-79247952 992102304
-985376772 -148879955
828518490 551270623
953354792 -287142007
711162155 -701173646
-332162264 -938693211
700333253 -710237563
22911633 -995838005
-502859703 -858805389
-293247489 -953920690
-847665447 528688573
-775652123 -625912134
-808400210 581634617
856229320 -516583186
-645813483 -757100948
-974111380 223959068
571856521 -820209485
618461617 781070156
-549897379 -830367075
-280630015 -955504858
-484379932 -870448868
-997753682 50017364
432320991 900889610
-706795370 -706693547
-452853033 -886697731
-965383182 244364996
579886035 -814681448
585261790 808423559
-913118718 399933016
-915336246 -396092137
-873799309 479213132
-989693528 -132588765
683829024 -727868410
960072932 278888725
-967285948 -250913728
570160985 -815863181
-572009707 817751012
-579019482 810564133
-644419877 761601944
-623677797 780838831
-527936894 844163890
-916634822 -389050808
-592318897 800388431
994589629 54728926
-977268940 210391643
-521279730 -851360886
-314861495 947869171
503926962 -858109799
-406388171 908634682
-152937775 985700714
178534744 -980022140
118408745 992659663
-684374254 722365275
965089490 -254114267
914216471 395026187
494493927 -867923945
-158086829 -983825675
-678976725 732025033
978406159 182359376
340687998 -938920493
507680447 -860543132
761368589 644364997
56120220 996368544
905437898 -421404689
-806154998 -585003909
885972342 -459950391
-769654724 631577169
759656105 647856701
962265366 264155236
909902006 408731831
-902512928 -430163930
-450662017 888217501
-735907322 669991537
-678118253 731524734
238002492 966881650
996003303 -63297097
216270029 -972233404
749442646 -655167309
430332821 -902268768
-811033164 -576516800
-105513152 992360779
671217008 -734708196
-977016864 -211698382
-653966365 -755805591
-886498556 -457988476
279858999 959537834
-915879913 -395760758
-861398210 -504701292
-997573246 -37327271
-940670013 334713510
-236156617 -967286133
39565819 995444430
996065934 3616444
-288468378 956412421
710103596 701860006
-995011162 74595664
943922271 329281875
995349938 15884917
-323356159 945858759
-46357524 -997807553
-216827514 975402598
33722143 -994725713
975541944 212074321
-191363676 976524361
-952854265 -295278602
-975690118 211092382
995524465 83197003
947067293 311999210
997258675 -4270640
-214061483 -973799737
745987001 662097936
889063681 447478527
-994694164 -57508614
-995539487 4792476
211737833 972576075
317364436 944991690
443122125 -893433773
-952913904 302692649
688074182 -724916425
698163382 709021310
168098317 981044927
-77477145 996144021
-961946591 -257529436
-887463320 458466527
342942948 -935234861
875346554 479678173
-838982769 544107489
-995689487 87622680
-873009874 482446546
90987040 993881792
353276583 932820572
676970953 733475350
639317684 763595769
167156338 -984734025
557971376 -829362218
-900618785 -430337505
-800119760 594075530
-541397463 835521692
278780665 -957228569
-98837028 994851705
335520104 -938777784
823321908 -566796799
361370937 932163719
979243187 179976164
985961626 -154710596
-998657260 32697675
-884361365 -460296551
961279898 260610046
862867664 -500405138
-862186878 501681232
466830552 -878686047
430051147 -898520994
909428483 404261492
-612684175 -785193888
71159871 -995971180
-231001189 -971813724
-998919040 29716208
152385304 986562430
-995130486 278362
991886356 -105243025
856442631 -515793159
-987825532 138853635
-411879270 -908813814
661498749 744117997
-969833854 235531372
343567979 -936176931
18071861 -995895598
-999022864 15259419
-720769368 -691070711
-905669557 -414471109
40066360 996212304
-886692350 457514243
-764006924 -643497052
-996263733 41209604
997718070 28574997
-919154978 383625961
-186988374 -981479557
196692692 978075062
-29960556 997974249
-532917506 -843854738
-978656305 -196565512
734879517 -673299089
-43085483 -998378121
-887367324 451208099
-717696222 695962405
-654095138 -753574399
-943251917 328043155
938230058 -332899339
722228936 689439352
175604442 -981046905
831135018 -549384837
429599071 898467634
599000092 -799954706
988399982 130815283
-547937103 835768347
203010214 -974138325
-338676604 -936295159
-565049479 -821009281
-552176163 831239389
703456576 708263199
-961320847 266198497
-989276103 129806459
535758057 842512905
-303901447 949328977
111696057 988849440
-972563184 223278685
-732554630 679568236
-157744348 -983561248
955343411 -290708284
-765956748 640713833
910838190 -403027925
-662916364 -747561064
463845320 885514390
-427116976 -901385030
980029367 -187890688
-541101445 -838115148
-758920866 649716923
181265083 -983164730
-947479591 307224150
958193837 -280451301
-470014847 -878998010
-71333302 -997442302
-412020315 -908946814
758883013 -647334743
-89216225 -995452378
596212717 -797373341
-928952913 -358092179
-674743952 -738009123
249463751 -965914737
845328750 -530557454
566875498 823112126
-48537458 -997461137
224085248 -972762697
-445340501 891358495
970984805 -232363787
536708546 -839319665
-513834835 854068133
246300765 -965615551
-807036884 -586165144
-448963381 -892129966
-788526275 614563104
-982181200 161020426
-572535283 819251914
901820006 -427724622
968075429 235723964
-836372509 539733615
-64063783 -995209282
335508707 938627543
-996300751 -32691999
-41339409 -995547215
47752283 -997684883
121654981 -989710183
771079478 629560547
390970450 918906243
428040551 -902801713
450488763 891631857
-236419700 -967405434
15022692 997336426
988269260 118062214
341532031 -938420776
440070349 895025549
-919807238 386231542
320766701 -942167295
585699625 -806636319
-152748937 985798743
490750476 867932262
-376627670 924420695
687417724 724090162
-168653736 -983780495
136671603 -986219682
198008298 980162196
-827672318 -552277764
-139317574 -987111268
-994408423 85132709
169519566 -981279184
868638931 -491326339
141751497 987909280
-993665687 -51539699
-38754083 -997222353
329742838 -943051287
414850929 905328100
798990914 -598218534
483488587 873460071
-212032043 -977097927
464195290 -882741403
-897131879 437439762
208838846 -973543055
-769944625 -632928705
944055602 316911868
860852972 506680440
-998186370 -11214330
-662465448 747216427
-996898467 48528426
253818550 -966478328
184566428 980922059
-404277797 910697722
-389327296 916014213
-37699339 996649849
-989328980 -139862488
872714987 -481413563
855977142 -509758286
-930866844 354199249
237813248 967618509
316856418 -946206528
994569074 40808214
-794994849 -602926827
-905602673 423481715
790608196 -604963943
654217450 -753972551
-998518899 49330991
332928130 937721128
-254213212 -962165143
-978620785 199725993
959296241 276294865
518842698 -850060628
-779042253 -626325026
-485651939 871617121
618890909 -782133247
-934532097 -354164864
398561409 915747269
870230082 491019932
798407312 -594342061
114399876 -989082051
998378656 6967166
-914257437 399887304
-966323759 244613301
-973434076 206037869
230424695 -971857888
957547540 -285660071
787095964 -610370199
-947923484 -316009957
-88656675 994195391
-553302474 -828339485
-996783142 1240260
803446718 590400615
994362904 -51345521
265543410 964096080
979212236 -200845498
696164951 -716749719
959138812 274248745
846706997 522924062
-595129652 -802466117
887140719 451274267
923874652 372843200
726372771 -681655013
982116236 167249008
654949220 -750453308
-711983779 698489731
350095711 933034935
-965872341 -241738444
3988593 999906312
159046028 -983457348
-975459749 196516190
-15463562 -995824282
912244881 406283864
931635571 -354651877
-246482807 965733107
723507456 683135266
143566458 989463407
866959030 -497858120
-971172747 226443676
-902450230 -429237494
-470155215 877117350
852955055 512673046
-730788082 -682358455
-142692750 988020083
999672632 -2934022
992713403 82785171
657787787 751441095
986117961 153455910
354634701 933219643
-943944896 -328062615
-928034892 362905591
-197646849 -976671287
-628996678 774138436
919344468 390611169
-990885645 91211798
531931557 845125437
-526537093 -846102354
-842207593 -538238030
-784939123 612576369
654703033 -755720332
-824604058 561652667
-790052204 -610773149
147009436 984373234
-659260021 -748595686
-869206153 -486917770
-528016174 847100625
-778697872 -627165780
-174921385 984489320
833238617 -546758926
-316943855 947075295
826027458 562733696
-948255559 -316783903
-963476459 248664843
-906239161 -416058251
-451443854 -891917683
845766028 526541203
-572283858 -818943745
984615217 -145532838
-985846411 -166697657
-834707108 547849693
-424888118 -904445526
636449583 769655266
984484776 -154204157
-388540830 917862310
-9260428 998221349
-962909693 261751933
-731189646 680197852
-870375855 -482781141
-887748082 -459756780
-757901550 -650524547
960436615 -261752253
-994668400 27114607
781308550 623692625
-993158388 -112873891
-892784789 -442507125
-999275266 18942208
452570588 890120535
-887561049 -460008547
-997729126 3430783
-923632807 -370941117
752366886 656105488
-641133085 -763503752
746309876 665031455
-945653007 -319754141
352965439 932088467
978087148 198911549
-863342423 498943558
-807924339 -587278664
-895596095 433664085
584761739 811101339
-571685944 -818853763
-700214891 -713306365
-157549865 -982847414
426526243 900523595
-606593163 789126979
575404471 -815267352
-156820492 986558987
-993744362 86625488
-917782662 391595175
-937216750 337323094
620321570 778165984
948505616 -316235431
999355452 13302077
-229677153 972078499
654036470 -751758873
-505293234 857628516
543083551 -836112821
-781990620 -621749173
939626539 -329757435
193248779 976455714
957256862 289227678
-997124771 -46228381
888180295 -454934951
352190828 -934316834
-683031725 730296871
242201505 966766584
-550173549 -829392927
-998006043 -46572102
781884667 623067032
540518379 840946324
-176786711 -979554435
-299636046 949582519
-289548237 956961609
-887073003 -459044985
830697514 549785162
-710632885 699869710
999296115 -15229445
413729393 -909534360
799996419 596881525
493009527 865146473
-568300184 817667694
992352547 88533147
-700006246 707720745
-65019607 996699794
-396545061 915323313
500382245 -865386012
875560175 478699472
345553245 937071095
40683864 994944701
956029130 -276719685
707018664 -705870138
996509303 -61614948
-937950364 -338275740
-158656709 -984640802
-915037901 393520561
379241897 -924027477
-970569554 -238006282
541886208 839589049
-905107085 -413731037
895174993 -437980854
579552813 812161875
-994475585 70067659
851916789 520527738
-963749189 265094295
300308007 950064527
-986778563 -160865737
22082816 995414233
-996081721 -81545270
815602559 574078219
-809732338 -583383378
-978211046 196951791
883315066 467092924
363987179 -930238391
-998435419 55811283
-549719998 832569005
61493211 995730092
-795020177 -601019636
-997443422 -21187948
662569166 746410558
-583442352 809823689
554208444 829801943
-941726461 330492853
-103038518 989770670
-27594651 -995222476
-603650085 -791317307
-572509879 -814605005
622515913 -781993077
-136129561 -988830122
628887729 773599249
993910798 48478078
-183530818 982840999
389872012 -918492963
664578530 744768229
-737204762 671792318
183011692 981580453
-174365806 -983429712
-406716484 -910948694
-986287628 -140651871
-991832470 -123011056
-666409609 744356466
675518480 735099261
-995544850 -79824862
946303705 -310025659
712337981 -700151356
938506773 -339665764
405314904 913567845
783044576 621002662
-994066052 -80067475
-995528675 -40999443
-619978096 778645986
-996982838 -60393076
-731954098 674506884
765769590 641537779
997651322 -8711155
-745841087 -658858394
-822857842 562261359
-517234503 853469320
-80009681 994284406
18770360 996832681
-229254323 -969759553
978664143 -183520948
-219565679 974537486
-699341938 -708003066
133410773 -990741663
-482818625 872325556
942988881 -318986816
-881004646 472751694
-298929634 -950178848
988634438 112623002
988229540 130430622
961287867 -265883685
869852086 -487595406
-812223906 -577801892
-534296208 841214333
-933637116 -351155313
-63180448 994215482
-692571581 715812277
673016822 735176233
799856370 592362918
491123738 866456257
-996252177 -24888125
816268185 -577452070
518833072 -854248218
520766331 852327082
-719680068 -693951204
650435158 -756760050
-832835464 -552116171
996173969 -23148502
-934805463 345672254
-751138055 654074844
997170996 -410311
-86370864 -994651584
137488268 987662342
-942001907 -327030102
-29350217 997077895
848044020 -528575756
-865941276 490721707
43888428 -998731234
-198168626 975369665
113177178 -990276822
-573668412 817508570
-986142224 -164411794
-334174415 -939238205
989721630 125883355
-824826407 -563965949
991548016 -101345972
-62044363 -997601377
-147824653 -986279945
-300217242 -948622655
949613667 -298942830
900535531 -424276890
-878373554 472227919
804258363 -586694889
997772856 7681136
644971297 -761361257
-889571811 448071791
661161059 745016458
916391256 392792857
800813445 595878042
98015493 -991713425
-646843776 -756426322
804800218 -586361904
788207664 -612109791
-959886433 -277493192
982236398 -183229980
-789351387 607662509
-683985071 727092727
336204654 -938663299
-800151088 596790915
967537398 -232952426
-885625656 -458885013
640789381 766286980
495246644 -865969442
69971022 993705866
448284558 892215656
440165157 -896027832
958422113 273921160
-914074466 -404228634
315259898 947667433
919617584 -392161681
931226441 -357205872
984966810 142788139
653760200 -751434507
-989535427 -141485532
-965695277 -258519811
196215389 -975775554
48718181 995971095
123324237 -989573207
-572867864 818713383
968829945 245234620
-964332151 264183104
-576347461 -816032204
656347058 -748746317
954842418 -286304926
891457002 -447094495
-917405968 -387625547
23585609 -995998794
-72331394 -994881003
-467113950 -882024902
-6566587 999527641
-147239624 984509318
-527821134 847760781
737619555 672100858
9051167 -999891117
-828075373 -556463509
-403154415 -910253749
996974443 45799172
551139423 829448779
729672881 -677677063
650518072 -758571365
-113836045 990099251
-963928781 263419247
199963984 -976443771
943897017 322322866
-981949689 -167677978
977825946 -201509031
993187862 68807858
440869663 -894194405
890183465 -445549947
-658895116 -751230853
-919415918 385595510
-403543687 912651494
355884753 -932935626
-940374791 -325377786
527552152 -844193965
-31737858 -994753207
427301041 902130985
946977334 308031729
969979310 -224975108
-224376273 -971101798
-954985416 295807810
-601849962 796458385
487703466 -868217410
-819745285 -565392427
778127594 621989379
171264012 983438507
960233111 264594203
735899316 -672632904
-3232583 997433478
222511577 -970509256
979653305 -190777527
999232696 17736706
-920242077 378648094
667193944 738668018
401374908 912195877
188565382 -979033675
-868191149 -493009601
-502357352 858929495
-56893055 997739669
605274087 -794342565
978186852 -199856258
369562729 -927350315
651582396 756720904
-4512862 -997229424
-969535537 225197335
-199174939 -979214872
289279644 954557046
-986734571 150227210
970549313 225556400
963803223 263151183
-973337042 -225390118
-16655714 -996832921
-866283477 -496136086
645630605 763434255
877317295 -469517628
-288773302 -953958771
405764965 912605979
998070122 -48776141
-59541593 995014782
-696056163 -712785937
970637114 -236842271
-990033178 -115541282
950402617 307772961
-806916805 -589742058
-306494991 951403016
135953569 -989005481
881062996 463822130
894021435 440576435
-968957584 245282079
-820528221 -563086888
854950785 -512689064
-127086416 -988018993
426970534 902890301
-277810442 -958955239
476840374 877803640
106138427 994069434
-797926249 -597173413
976878181 -206144064
984375572 -155403466
-339079976 940333461
-6518375 995535977
-817811162 -568976576
885790420 -455690203
714864576 692125294
994757418 -45577525
-862549216 -502505392
513409767 852536970
987500318 147926239
805494330 -585324885
-299403053 949522414
-202073264 -978464555
-921885460 377392684
103183211 -989724647
-995986166 -4578533
-571038130 -819058400
288027924 955439366
998905852 25532061
-435834033 -896570901
991899206 79046416
360661629 927370460
-167281607 985655339
144011982 -987766976
823586053 562371752
-634535986 -770482837
-498865734 -866605216
741017913 -667183309
-300311776 952199537
-193431308 -979621551
-919150488 -393833211
-987005970 128619990
970253381 -224006332
-25633790 -997676941
-778392385 -620894765
-731453869 -677362814
739689797 671078606
-646008458 758319979
739095860 -671836207
996510948 -22553786
235451606 -970019448
994218211 75777175
-742907808 -669059116
991699172 -103096313
-642239880 -763417470
263444874 -960092989
945411068 -310551058
-966280058 -248660847
-684426480 -722601755
-904755428 417857800
942665741 -327607578
-924842793 -372905914
-361353573 -929872971
989875072 -130006751
-588476234 -808462561
417528402 -904119449
900636562 -431133129
967363793 243906572
-993678189 52579961
994791903 -59431876
-895661404 435284869
-567446976 -822513463
284760155 956254803
-315041334 -949006662
658403033 746528188
-780372586 -619917940
-585585586 806046320
-702554871 -705692289
127628332 -989558339
-999174542 -29936976
954711755 288283099
-329843098 941299339
889284141 449916487
469792091 881601892
-911767160 -398792628
-894338393 444411098
340478474 -936399719
652871055 755308062
739110178 666547961
403686466 909541300
647413002 -758716652
-29333513 994615157
-718837690 690808696
-662942034 747516618
912745939 397387097
897655402 -436355761
444749345 -895197086
-620371045 -782569525
466535567 -878975360
982856176 -177543199
541728318 -838414653
843987767 531694305
77133740 994908328
246489307 964776456
-914001465 400027061
-973991728 205531609
-874876770 -482057386
-892385663 446813332
-993871458 93445981
898328689 -432191669
520443227 849580426
545219677 -838034608
-728353243 -679792988
-890622016 -453446764
270725372 -961149301
948543863 314026624
-532213570 -844945786
-994094760 -89675174
-973509785 213876644
264697138 962984925
-921928649 374821883
-806181215 -589031109
255990514 964372742
-371742520 924891615
-409749743 -909300932
301829460 951874976
51721324 996951210
520274027 850483261
26007065 -995581962
773124472 -629764016
573041284 818396676
961133126 273830706
170831724 980467744
-855226222 -514844092
-844867285 525972035
-748186673 -656757777
-902007343 -422894699
826607340 -556477963
-996041302 56307969
870055992 -492155754
-920165053 -389178577
-994594976 64635581
907266334 414847410
406422729 909647053
-15092622 997259198
-771603645 -630721961
-690777115 -721836143
859890232 -509637722
-735173080 674346546
936789332 -337756836
-552344716 -828148093
-258254154 962887425
-407475557 909574158
766721942 636603308
-513285469 852476654
246855605 -964369851
-531112044 844618505
111361934 993292033
181986075 980488014
10079973 999492565
-429226417 902781705
860467012 -508217910
44001456 -994883661
790751337 605506861
657502858 747557484
839986290 -540767109
-26002140 -994861836
830838838 -548698085
173951198 -979797578
827413168 557559540
-554563033 829045490
-445262909 -891384683
-450029019 887825932
948596654 -314477735
131899178 990787433
-226021467 -973439234
967480614 -238889779
-408071091 -908913483
871173241 -486206906
635970287 -766151424
-189616909 981778834
-812192048 -583007010
709317584 702630431
-53304411 -998197961
-612429966 -789363084
40908605 995766371
-268372616 961035221
-980690673 -188756223
-631369957 -775092202
326174051 942970324
137637859 986039309
854373601 510333657
889188409 449676688
-655629805 750385783
-327242621 940459931
-618751526 -781676234
-234407873 970441035
583370317 810690418
482991150 -871532199
583586750 -807063535
-139812296 985413324
981893656 174705768
-516627566 -855355752
-255914322 964278455
-843615712 -535285667
271335442 962295086
-313342241 947946411
756617709 -653441992
-614871575 -786812389
109806197 -993737398
-993767821 85020260
821640904 -561585075
-987190525 -147652516
-657897785 -748805341
555702820 827560223
-994291434 -67813528
934111697 -345384786
94337434 -995050717
-528192419 -846244210
399892956 -915277150
642467656 761113968
-601946094 -794675439
49933942 -994747002
792167073 604462187
970971276 -231240424
960263758 -276060820
969611654 -223378029
794715847 599938367
963577525 266856542
-699201184 707918715
-917649246 -388645361
-125927094 989655054
545894083 -834665151
225936384 974120381
93309949 -991843357
-590899557 801550274
-899513640 434587400
-308482371 -950181929
173050463 980912641
-632325821 771712353
977129709 -189579951
896511113 440395699
-382513189 920240625
-812144193 -580131570
320777722 -945472768
866904115 493899860
-863151168 498086909
-374512441 -924240593
-994481069 55155122
33385993 998509363
-639331802 -767013776
996265904 -76810881
659156857 -748730428
584134114 805963880
-576777037 -815112466
-140526110 -985635056
-996158519 7186953
834253759 -544074765
-989290843 -119568363
-962480222 255304630
-473183136 875424863
685451279 -727749980
-883684991 -457526252
-940346438 327135578
853813000 -512223288
-887610137 458105699
955043333 -290816611
-839533082 539482094
-746848779 664734116
-811522610 580177120
-997951247 63680457
-453117874 888212268
-649171167 -759003940
-640141396 763452514
-343744742 -935999004
988185608 125983122
203452764 -978867206
-944746637 317595131
902007808 421416489
-628376810 773308167
424323558 905256335
565313994 -821446365
-527287954 845274102
-947580772 319425192
-559926428 826390050
-876691674 -471959531
765408600 -636420622
-401513567 912127493
953279240 297587956
651363596 754790150
493021568 -864990326
852687471 -520900068
396327513 915748893
755918924 649625472
969619900 241111382
-534110940 -843918113
-818227011 570598193
-164372008 985592087
-994178226 87591366
838122571 -542639662
375482685 -923224038
365874218 927194347
962060262 271979685
490727647 -870221986
-916918037 387624287
972957249 225822723
134479996 -989768234
-551624203 -833115666
-895441406 -441879077
-529922444 -847146902
-818026104 -567661109
-987475155 -143324225
-715819498 695694130
-48313462 996958998
-664954698 -743605407
995526323 -49974398
946024913 317857339
426927723 -902254788
529097129 848127086
-456033760 888495543
726777198 -686651349
-922189655 386622763
631036520 774272873
-890376982 449489698
-680135362 -730379253
776050877 -625254265
-562233336 826570331
816861298 -571424180
-967530108 246740017
966966464 241254014
445425568 -889843503
985664873 -157772722
364383827 927033640
-748168578 -660708647
-436652899 -898177288
978523004 -189747650
-951204079 -292506779
-977351790 -209951349
-864916686 492401835
-701205177 -710858142
-310031545 -948686955
-964652285 246685134
-884745604 460741334
726941537 684407752
991742369 -91944986
-874841969 -484107485
938820662 343581577
326848079 944601815
991242836 -126572483
853634208 -519133207
698777597 709871223
-656066226 751503566
862589956 502666675
379109598 923781526
98330719 -994502867
993260551 109167588
-891692291 448781797
166051226 985292167
-984224097 172520311
-739399471 672886754
517675100 853319185
108050221 -993428864
-973316930 -228405640
42895476 995273327
538553919 -840412492
654892649 -751498829
996823400 -60372013
-910470751 -409589678
747111362 -662385137
-993955079 -82698337
-895447936 -441320181
-386016023 -922488026
-465872760 881863854
-566008947 820279515
-965957242 -254956781
649498118 -754780315
-915737821 397214829
164884072 -983285213
646356102 -760121243
970207010 -242264901
-70300130 995057980
-949695564 299973622
-913879845 -404974469
-47031126 997366518
-273783373 956644022
-805658085 -584504800
299459950 953033105
-980943472 -170716035
993239872 102828109
758826783 648820216
-906289284 -420218283
859930108 501938616
-994336805 -65955838
-996990268 65315137
-667558421 738320062
880152051 -471890728
931265151 -361943831
-135122983 -990393634
991437441 88493715
-862672983 -498447426
497865226 -866491147
-194952626 979630150
991460972 -127294212
854925157 -510290017
-683346572 723484155
-241360266 967139499
-914115523 -398392651
917200784 -395232398
78846150 -995778493
-976745081 208043448
-960293760 276644128
-995290545 -14313946
245145730 -968502484
996258686 -30009936
953276933 -295355848
659762624 751288223
-911830223 -410532415
-782686583 620368927
-740576722 670640163
-996101977 29815362
-605483499 -791916051
-963053004 -262364201
570371193 -819914713
248574574 967477741
534749636 -841904160
967150550 -241697376
521355345 851243949
-91421783 -992582312
-332726537 941199252
-51324974 -997716701
981773068 -167413389
420558515 902245121
-598020293 -799979508
945396940 318955346
-979267539 -195805146
639959408 765060664
-126759157 -986892995
996892316 -26586173
-953624258 -289378850
-816621769 568856976
650264253 755618438
543249872 -837797881
-290376887 -955703462
357440108 -932821511
-524145788 850474020
786155235 611949419
693765505 -717780954
-597566969 798190757
30450350 -995472738
-175262685 -983594777
351297584 -935662803
-20167346 -998434233
-706472785 -705438357
-937635485 344258108
236640125 -968679613
698786691 712544483
-172206311 -984891558
118480796 -991534382
898344653 -432065173
913802172 -404782496
-666512356 -745017583
882500513 462977806
-987307178 -125393101
-406769641 910364439
675509139 737203352
789938514 -609151934
-475835857 874699342
-676836855 -733499325
-860960926 504015075
-442760696 894828702
566597860 821477637
-402639509 -913342116
530331083 843948934
-68337573 997612910
-655326121 754030760
342444064 -938451216
928878651 -361063854
660338075 745523037
-27094773 -996856487
659478987 -745340798
658082738 -751841680
145139400 -986633289
739254128 673144664
878383189 468871137
-388693405 -918661535
-834543628 548947620
-304137805 952029956
-554982066 830134450
648600129 -756188061
848391144 520270395
-903528119 -426620738
384202263 -919604177
507521944 -856727355
568372215 817180827
397720355 -914675133
-887953275 459639150
368873787 -924928013
841373288 534753374
928073702 367646260
576279811 -812233388
613899183 786915658
44722158 994941815
393063508 914787066
899389162 430943002
-456365814 -884863739
974404430 -217134145
916770066 393621920
833047042 546264867
-953851200 -298768187
-961439940 269454037
-966982742 -252783239
-220957140 974841796
-707246011 -702580992
-978424828 -188170787
4315571 995011267
-1051177 -998392303
397027558 -916045902
253727265 -967102259
-640802985 -766299520
-494202484 -864454583
990695487 -113539182
-811538876 576209787
657847762 -751727551
-62199597 996538666
953938690 -290241929
997479928 -19321030
70670339 997067792
914317769 -394338213
992745868 103726293
64025167 -993447177
13126040 998747714
593268772 800214738
980169994 171911219
775643575 625809590
759775686 -649239055
788442254 -609424378
992782440 66988606
918696729 392123772
235530486 -967978908
-440523051 893744929
-149362139 -987236753
567726756 817154283
-248026871 -966555693
934557531 350452055
-995090345 81044458
906358730 -413945190
-864814477 -498319962
939963601 337471804
-740551066 666637728
-274052632 -961311029
950711842 295434674
221630293 -970993551
-255828926 -966472552
-387359439 921427565
-507205783 -858476838
-582793246 -809124922
-326820663 -941942422
-80639978 -991719690
-440697154 -894587286
-997429820 35125338
588236449 806093433
218615795 974800259
743254498 -663269387
956724316 -277925848
480995540 875891419
294597472 952383675
428587520 899115537
-406540139 -910231879
-77805253 994726663
-753261134 653299327
-65680159 996141997
904834874 424542730
-394435895 -915001804
-757420504 -652346057
-373963695 -925144193
825706841 563659464
-930736608 -364897262
-474984447 875749604
-994337671 -43942980
398870603 914713358
-211664221 -972929924
-564484564 -821089643
832529835 548613370
-222336884 -974882943
481920847 870768975
929672349 -359060000
-127981811 989098391
-458361216 886502450
-912824002 405667128
971338855 -226392527
390668876 916755492
-312361103 -948900719
-731937543 -680257273
-684759594 -725535168
998125615 40247607
509778234 -859910209
34012688 997544932
984623889 174136789
-858411576 -510641020
-625658847 775049656
239567599 -967714238
-822858175 -567470134
392728050 915680284
-317485347 944886533
-747109309 660953012
998300577 -8607970
424385828 -903290971
596630410 800835358
406946523 909491272
620248822 784220851
-987724783 128394072
591680833 -805508526
-594880461 801527429
969531251 -242527291
-148301911 -986423042
23185522 997189544
940804507 324392939
-993019576 -72187028
984332769 -168397115
663877761 744823839
194770748 -975759986
-207305941 977092997
-976550408 -206773414
-602943823 -792184569
461216237 -885232773
-217702303 -972227949
-914556192 394728381
137181620 988395419
405052800 -912849870
-522334142 -851423544
-922404289 -379775859
585010157 -805583018
234359361 -967984802
997344402 7679079
-507089522 860834231
970446209 233521783
-74365976 -994152558
-428480994 899439283
-320000823 -945716731
704659364 705403640
429025035 900902746
-958318461 -277372187
981138986 -182283666
32971117 -994904557
343433 -996753008
902497260 421867985
898849618 -431631489
647840346 -760328907
-220294420 -975417019
-992095090 120204440
-556850325 -825179466
-992041244 -115234280
999551917 21411402
-933483636 -356960237
488537879 -869118309
-125029966 988706736
904657345 426040693
-880610608 473043246
-631507106 770595233
515191710 -855110248
-208881673 975394170
944025371 318097976
993097138 -91110548
-738041102 -667415821
909610302 405914019
-477318160 874785949
-947373131 -314610513
414502225 906587468
764517968 -643716948
112841668 -989481429
716066425 -695012988
-682900180 725896076
293239443 955146291
-5897717 995997082
-357278762 -929978429
-869809381 -484664748
993150582 -83196605
-897045754 -434443646
-987791005 131318622
-990233298 132068655
-979259393 178983394
-616568770 -782022937
-973539799 -212077946
430490926 901586511
520130686 -851387063
-869325196 -487666881
393594502 915767301
975711563 -207827496
953869604 -293793777
-968110618 -250511442
-251539193 -963495066
-665665464 -741490963
-74517860 992694226
-838908459 540839358
607769232 788869050
616517069 786915976
-400065851 914825156
-333953134 942303593
-386476751 917688949
983333266 -179216927
-732692424 677226177
819187778 570099917
-996572064 74741884
-977899986 204290947
623714285 775487991
911392937 399641957
974925806 -201749651
-624666175 780241479
982130866 170744538
-523762038 849326100
-901554848 -430519971
-455566350 -887177462
-908598863 413134608
-484415522 -871183703
-839765252 540641470
-435080747 898193022
299960338 949123060
-833261810 -544334766
-833992057 551714481
996372374 -32340763
939816785 333987602
576556468 812298181
-763205541 -642957562
-970179974 221125437
-701752245 712171484
997266118 1283870
905916999 -421327006
-963015416 -260068442
970050526 -224105570
-984829415 173226116
-943988902 -320153569
-464516147 -885303137
-981565997 -175199034
-434710246 -895674237
-171770946 983657977
316655593 -946844873
-668018577 -742167150
855600596 -515520358
196998625 -977999766
960028521 -278754043
888725455 452778190
367960481 -927055930
-826384184 -554175722
-900823166 -422997069
650493323 753175894
-465377480 -880066698
708511394 -699942671
-586199015 -807461607
-487805228 867375258
-922254524 -386156172
-415099549 909249727
-911469780 402823344
-991014694 98987233
-784893994 611635367
541812098 836433351
714420495 698405414
227858210 -973128940
913486285 406080310
927969625 -370685297
654185694 -756135670
90026410 991079368
-194053216 -978853517
904494365 424623429
815911950 575655994
687275870 719997953
629462809 775795464
129953821 987292712
-218858603 973498560
-51405613 -994758674
-662902787 745158467
969154782 237898432
973525143 228049400
502658153 861295555
827255948 553269652
906271988 417450790
-170638357 -983434129
433175312 900467316
975558110 -195975953
-999737984 20722787
-904222528 420996123
991736503 -118944182
122875706 989058863
-330568511 -940779854
-443930165 -895071954
286594224 -954130407
-711083747 -698377336
994279245 83714929
-914585070 399685393
951320121 299232931
-983897961 -159131603
695733437 714352302
-536977068 842480207
167962836 -985166701
-995011159 -28565328
-504832587 -860584454
904409841 422255347
273794091 -960751765
-689003669 723742579
-345525822 -935875542
-321133382 -942175915
-928432913 369051335
-587940726 808714176
-791117516 -604110836
-918570751 -388055825
-894297874 441937666
627584915 -773523014
-322050198 942144699
950184144 -303928189
-652193527 -751873494
-476176334 -874601879
-613995511 786032573
-891377007 -448458188
944359508 -321395861
523868272 851183863
948258191 301534673
976203185 206844783
-395094258 917603521
697945995 711321458
-646699727 -759779840
721985551 689639888
-609728851 787762439
505814215 861419112
991865250 -116713355
412085231 910098864
-730356681 679727118
-898318657 -430838984
996331982 61621236
609300444 -787180150
-988451900 -137686256
951999598 -295508200
993460146 94178804
165896064 981288870
303880225 947453487
935659621 -339516544
-73361716 -996542630
-363436443 -927172422
286532686 956169834
-998446585 -14643050
952427713 -304051873
552584599 -832156197
-686599072 -721896431
-34455009 -996971064
-918253005 -394255866
-628675362 -777549195
-233265249 968010957
546590042 -833325335
382082635 923048473
985786829 160849515
469755486 878173903
-726511662 684094391
-902593217 -428870296
678609938 729099008
937903229 339830681
694272029 714239367
-814073750 -575541466
-777335632 624110334
346886426 934206384
84581355 -992121233
-868713266 -488394836
906942736 413781466
-353167482 -931714825
-831961470 550768941
905582696 -416417297
-655933504 752023770
982027554 -187638509
-904690108 422224888
-111166019 990174524
85700860 -991815575
598814556 -795868343
119536528 -989114485
-25858402 995620246
707794532 705183856
993662540 -79396585
225016951 -969295758
526213562 -846639525
118462748 992494737
-734349844 -677541476
-994791584 21047262
513875111 854502046
211768557 975042332
815842203 -573955439
827771482 -559732359
-992649538 104796384
-989576939 -126623744
400456607 912538252
-971304243 219219745
-531554362 846457238
-989513471 137690626
453698976 -888753770
633832081 -770329527
-639333466 -765835079
-918532557 -385039413
916239567 -393699367
-923658553 -372529988
-193500223 977077491
703958374 -707121271
365179336 927671259
-947566940 317831621
-239112846 970324793
882120038 469106110
991982188 -106401142
913807062 -397933776
991717485 -90229180
-332234072 -940719167
-735975162 -673035537
998559574 -4829603
416355793 -908522554
924928845 -373795799
96667972 993192940
-679744038 732565113
-436806021 895373421
330966189 940895877
249755405 965446064
-619445055 784992559
-938983680 -342968790
-355592040 -933492585
-122841256 -992088168
974508858 -214694440
61707831 -995788504
885247423 -462819784
859876084 -507776623
6082844 998056356
-798047122 602449985
-996683034 -22652870
-13281981 998676086
-990707282 111547280
922425394 378878846
-928947637 -357822934
889059889 -457471412
-192934798 978195741
-52706547 -994284369
-63401812 994277154
-993750107 53981697
-996930421 -71751369
-794651796 -599533748
-920609379 -381934020
-741301824 667243058
-859661630 503478436
790799301 -607667900
260062295 962277484
92661389 991146618
539428656 840152109
-675003021 -732643178
-982029166 163761931
-508444965 860547828
-850889177 516143558
712003190 -697178566
412883540 -905407530
-646917772 -760160140
763680774 638707268
-668499314 -740983520
-716888571 692196607
-861847401 -503841489
995180448 -33791395
-292812670 952411309
875054685 477280031
-435166846 -895936398
974444343 -202397152
-36853642 998914187
-867880987 -488011263
-100012411 990301787
530957692 -842711067
913882466 399699343
-319619341 944350198
670998456 -736747903
736350844 674360707
129585602 990309527
827476691 -555404415
37983325 997888437
-262558603 -963445277
-939742568 341791416
-48469302 -998417319
352510615 931160515
-924075838 370711141
185526415 -982159982
-825483298 556146527
-330113000 -943157955
-950227310 302589835
-925885745 -374380081
870605382 487222287
-865584994 -497012981
689716029 -722564624
-968803467 -228697400
-797787769 -599153840
936985657 336779319
270585384 957933242
-723680601 -689603191
-738372654 -667144329
504532505 -859181237
-845350862 533818143
871096640 -487739179
311861213 -945683347
-190817937 978476990
-280420913 957350547
-767196172 -639254285
684857742 -725567048
983131053 174537012
468363694 -881386402
650584841 -758592732
972305685 217960182
784154009 -616775465
271960891 960204871
409124274 910764920
-71778972 993094644
-872651873 -479818088
-864935255 -495698887
511898633 -854607838
-34782117 996648990
-113721942 -992225045
-994238467 75434108
-899966560 427485293
-312314624 949388826
999658156 -3854770
715550982 -692737981
987955998 139927477
42151109 998265018
409879881 908620106
969807010 -227212462
245593449 -966522921
-832626560 544768579
381902210 922346419
-881257344 -469702493
755163399 -652233012
-368104079 -925755968
295721133 -952575474
-965304316 257819328
980172812 197951879
930641187 361632359
897868358 -437644192
-680526572 -728569049
-658336896 -748463004
914607886 -391968396
12162553 999866776
-964764351 257334485
998155549 57428489
982332144 -160051883
982066370 -169181915
-984306961 -152328597
-475674548 -878461113
-968965591 -242455573
504843701 -861056120
-724122696 688476260
980559897 173105347
716162826 -691515747
414717660 -906188290
-992337535 -85551723
996011240 -83267380
899479023 -430433345
-56962737 -997306835
976985770 -211849077
794951047 -602379382
-953413048 -288485001
184300313 -982554308
-811070594 -581953230
387868458 916796367
-140819802 989087069
153161163 -984884720
-457680108 886185041
994302546 99313252
-691109949 717966889
-641377581 -763788757
260035052 -960567789
-83292091 994680544
858248060 -509237499
996067454 -71988042
-863394638 496866721
811571780 580906742
-661463191 749798705
-648486998 755367196
-936576718 341022654
-311173677 -946652564
-826583489 560177979
816620974 574732023
-968127129 -230541540
-339949587 939537696
864906582 494476188
764330609 640923452
-652499417 757671362
324512630 945284083
-978272062 -195627402
241550325 969702024
980390106 -194556222
982605816 -169046919
439711881 897139746
-468354649 -881842354
-231430325 968335159
-662681153 743397365
956484037 -285460712
754971034 -648835635
628047354 -773750000
354810765 929643396
237055254 -969816822
933413307 346239355
886866973 455806572
572458285 -819261355
-395773816 -916749349
-543215346 -837182711
-998384852 -46210320
955199333 -291717328
-715600490 692914398
186636313 979594713
782668221 -618045472
993348262 -97365788
-203314386 976664104
-180840880 980434374
952151512 300545880
735861055 670997545
-904223308 417493081
745941770 665522985
834587469 549223920
745166300 665359514
929925346 366285855
821995036 -565925962
439379850 895470237
-993815637 -83027170
-987400782 128653170
-947418454 319019559
-537813006 -840011977
-315047830 -944437098
872556167 484063082
434599466 898237360
-548821559 -831506138
898456955 430408565
579666865 812808624
641922673 765876060
-836179167 -540875485
449326417 893173535
262223575 963888313
967529987 -241977948
-183163449 -978512891
932740900 351531047
-906605266 -413677110
486171905 -871252340
-939787677 335446710
993473806 57679202
-377177854 925243545
-526006210 848444256
-751828111 -653525802
532020057 842713768
802916616 587667322
-974485864 201767666
-58969231 997389559
999147612 39835143
-985715770 161208366
-538612911 -842015656
-82732636 -995233632
763835429 644218225
243289377 965994856
246400777 967064656
93671298 -993782050
-157369310 985042792
332848113 -942951259
-637296088 -764596851
-668826782 -740968207
995633779 -86189099
-994284790 -62606583
994465973 -84981528
764526641 641013219
310915591 946624741
471909858 880807332
-52229414 -997905965
-723532587 687634903
182770100 979986231
451778442 888150090
-645236247 759941101
-328624348 940444875
-874902452 474759123
342526701 935092712
-909943450 405317675
-100049920 990725240
-267779448 959723758
-770873277 635242815
-959409949 -279213025
-309917598 -949777179
-996399540 29740863
-781380657 -619163355
907574416 -412735174
-861806768 503801084
503795517 861870966
-791400662 -609486234
936386197 -338677312
200956876 -978976862
708949579 -700603026
-998417110 30072660
958983188 -277075571
66333609 -995410013
-975411612 -219358428
695097244 -716729291
974338771 215989064
-242747377 -965054411
-956689104 -285438581
-349010652 933798574
-654065921 753844736
327593067 -942500614
383681837 -922135032
996218381 -86777499
-994421324 -61434800
-809353434 -582903995
959575468 269670981
-869626276 -488463288
-772275069 629139297
-418180516 903124797
605391126 791106100
-940491726 -335191436
-532846670 844698112
-989838462 -133014802
-648175253 -756103529
294147759 -952694926
514665312 854737936
-770203770 630895870
-687494180 726088500
-783559695 -614501867
-998258635 4863960
927064774 370896031
-586345623 809118827
595464477 797722656
864870017 493434408
-803983111 590064862
-750641884 660376276
161791215 -981898524
232862299 -970217330
172846520 983402474
-346532673 933539048
733375051 -673244238
-926322011 372251621
130568677 -990474901
448893801 892254728
971812559 -228056627
-650440522 754097766
976716938 -200058056
969821866 -241688121
975319875 -215466620
-305406313 950305091
-671112314 735132666
-210697452 976384355
-9220844 995049650
-557490153 -825637098
742997420 666919558
420753124 -902583407
873768669 477092294
999013039 -31054461
362104418 929501368
-31493879 -999329213
612738598 789416293
-184421904 981772944
937479895 -345991562
-395651982 915758544
-480174785 -877130148
-830169330 551995646
-616570335 -782825574
-978852908 199615400
-617473633 781786898
994296329 72626475
-910074809 403561613
998902059 33864969
-89785725 -992334284
828824117 551796392
-120642897 -989201096
-761639721 -641706084
-870169880 485020438
-995083948 62213102
141005930 -986433679
-781505098 619468000
956301840 288116399
962479643 259849837
-229043230 -969325667
-530805643 847351533
973280453 -221882793
-883404854 463955470
-167290684 985310957
-248833156 965480773
93188581 994067477
-457810346 883781797
259443036 -965369158
391039596 -915811059
-133074493 988501784
722635309 690105888
802587373 -588578739
-940577393 -334865540
836418800 540097742
977406969 192239684
-375723882 -925026741
858566899 -506547913
-585298627 -809864848
-995201610 11463264
-882131689 -461736043
-220638585 -970514267
470958887 879549792
-934489877 -341836619
922391759 -375296270
-698786320 -712601584
972934887 -224510193
-887341944 451796502
-395810802 -913149788
-503780264 -860261116
-642851378 -764352989
941807914 332513670
988612364 136672103
-121585786 988074570
-614029256 -788432840
893822595 447666501
-187852734 979109834
-793702068 -608130712
986172129 -139610745
-866466578 491883198
175785876 984267142
-421613012 -903928590
286423806 956104684
-66909027 -996678110
844296599 -530479423
-199893451 976542565
-876335268 -473666402
489338998 871762181
482881678 872242274
546167713 834973944
142739027 -986243595
-958162682 271903554
-732996346 -676618833
-90632817 992444679
995891664 -7984291
-84553253 -996275738
706966826 -703643305
907061994 410311671
985835093 152965428
-968359877 -243202485
-339897162 937099638
-957995724 272575514
-229489180 -971281286
997778836 -3764396
84324235 995218464
920609327 -388249978
-767387279 640330167
-903196070 -427820367
-990241001 -120230696
381048865 -923879096
-527434242 -845677615
742673946 -667387832
-706875893 -701346497
-245123702 967206490
-923050431 382926091
417348304 -904154322
984606798 -168329241
452832494 -888637980
-744474893 664647545
862983452 -501537333
15502938 -996519921
694930364 717270823
-591730734 804192376
-890282333 454061303
962795549 -259396016
441466183 -895286048
-936643832 -345547241
490408257 -866706880
665057669 -746254537
969773999 224650854
439002678 -893049683
-842149174 -535738647
961225683 -274088616
-68297176 996424111
-490319613 -870657083
35226996 997542145
-458103158 -887224172
-997000944 -19616459
761240370 646994748
-69651718 -997193299
-766292066 638265464
-997018649 -15995905
917961251 393712099
977960750 194094137
785595016 -610912549
-956233148 278391797
-231181339 971029411
477962939 -873744895
927279374 -361383491
659381230 -748078296
814876890 573016392
175436236 982091808
-584847048 -808223562
-993883352 87438094
-665800037 -741026248
-308408454 948905232
-219760275 -971352811
-76049763 994196658
818446733 -572678573
-470648287 877407709
617711937 -784405330
-726133876 -684223173
998043769 -35404913
-397369071 -915484571
252331609 -964982690
682576723 -725934037
-893911306 -443201050
926032676 -367742631
-756116800 -652134993
-446430967 -891045150
-931569461 -360345658
326826645 -944341399
872834989 479057679
-893560491 445605067
-985006588 158883800
925665487 -366902577
-841548960 535065748
245819380 -965027706
-917025006 397818458
-877538112 -478990834
28552029 994948934
-776464060 626519462
-397700945 913330877
-390552006 -918015980
663222930 744113922
991007040 115203744
-34401475 -996542500
642811073 765063181
664234019 742472962
-926210324 -371386294
257066758 -965516221
901927061 -422071829
-226337639 971845694
-280477764 -956180989
681515747 731143006
239236050 969106812
-843575045 529289730
-554859478 -826190417
526041480 -844726362
-818445238 567436211
-757826562 645468354
-909465886 -413346311
780456011 -622907605
-882262233 -468819713
559810955 -826469936
868594368 -490991873
-963987332 -250504906
-312316984 947900850
-895977563 -442048775
595526691 800745308
667854928 737695335
553543354 832634046
922400397 379906302
462560784 882593129
913584326 -399032567
508564711 -860008412
972943592 225067468
10425553 -996396061
-974317816 -213910056
-707224396 -704160972
-963021835 -257013583
-839776126 -534009896
715042380 -698860780
-867226828 492661554
-784905462 615409203
927195393 -366630406
898574448 432551234
-450802782 -892274361
-682813732 -725258679
811786980 -583240292
-953496456 -297288123
-375815419 -924820179
741303663 -668218868
-930670847 -358977164
907223346 -415852345
993148030 -61851894
762300915 -645670403
-990141146 113983222
-405551123 -910778158
637103329 770661726
166243810 -982632867
-367485107 928644639
-22943136 997507919
430153409 -898328536
-674140949 734234005
257258497 -965081090
-11581479 -997622494
-317666305 944879041
309341359 -949569089
326020770 -944990452
327689801 -942756247
-983805244 169121848
-393475854 915445657
977929828 199905490
-793050505 604813355
-937460169 -340915983
-895658423 -440959624
767254735 639150719
-952931047 -292687603
-855976991 -511277263
-959939712 270776338
-21269533 -998880513
-993773955 -108691290
983575500 158419274
88502016 -993924252
514164254 -856344309
-262906359 -961212561
-202898380 -978123415
989822279 -124245754
-349521710 932225682
59191757 -994978923
91962158 -995292594
512491199 858430115
-458934800 -883035608
-941094468 333833822
497525827 -862483755
-980306839 179178586
982076977 -162989246
674522125 737504159
752963103 -657090949
30608337 -998476320
953629767 297066810
824278103 557721901
996117949 49429378
-275692343 959711517
-999288456 15102448
566780418 821186190
-404161517 911672692
980320601 182972365
206385613 -978341062
972769361 -215283901
-895001010 443985974
723863447 -684166213
-277969809 -959498960
253378434 966469755
-789145199 608511608
-983257039 170263703
-971247682 237983134
993879633 92626747
517950070 854341952
-174481673 -982609954
252570448 -963017318
930935823 -361599896
380355143 923153570
30533819 996747969
740039948 667511645
613129682 786899320
691638178 -717916780
-109904536 -993579149
278804196 955141494
360822864 -930872787
288822545 -955865373
465524016 -881860459
-349100134 -935882937
-293761079 955058352
344463848 -937293262
995645192 -53238284
-323733488 944045873
-986608357 -140316080
685999531 725580869
-159380607 -982854087
-649760949 -758970602
979214131 181324315
844994501 -531321931
817125164 573539997
986319609 -163120389
830853087 551000449
-688416267 721744298
-972763014 212507676
-835277830 -545249139
-147982317 -985333267
989951661 -137119300
390273694 918387717
-861468018 498868149
816856145 570889920
-992477602 84060991
770554444 -632290275
94459097 991055954
17467091 996389433
-312513173 -948604240
914711574 -394978827
-711838033 -699891756
607197392 788831334
-624907496 -775076090
-227592370 -971223317
-887013956 459886534
362529717 930546359
175834872 980595627
199500815 -979077099
892955862 439209525
-629453033 -772230561
869256918 -492034440
455517473 -886132447
-408590157 910252455
660466937 746618658
49473536 -998185477
-7923151 -995389970
-808673318 580651982
-216000658 -973320201
784191642 618901422
439350973 897186855
825818999 -561379277
-642462526 -764541022
977137777 203488673
944515197 -324918794
-138415227 -987528047
994168840 -85713349
591973407 805925247
-653339323 754627001
367109036 928281574
-919105220 390144741
-980956514 175026746
-990625492 -109587533
-933306609 353394836
-651452761 -758269698
-735705467 674413907
-176673092 982637478
-475116348 -879707152
-114495355 -990448521
91620583 -995612153
430995086 -901059471
-901895485 -421895684
824110176 -559787551
352559482 -932839724
-899730658 -428421367
-284537840 957839643
986847778 -134034900
-155637651 -986101558
-98602291 -990246007
558233220 -825027412
-840302241 -537862577
-176368957 -984162038
968668294 240985305
878961974 -473616107
-931203238 363021687
-119590276 989753391
257464063 962548499
-993250492 -88904680
575622682 816643427
224601580 970564699
478550938 -875948005
706462543 -707302181
23609013 999433088
-897536997 436457577
807403809 589833150
755317471 653579649
817578727 569992236
54689080 -993503175
420450975 -905362366
-254908319 -964645114
-432919805 898166586
512725838 -852960584
77621953 -993280982
603143956 -793490205
856411608 -508513874
219724709 -975113884
385149870 919886897
898992119 427511641
739888561 -670533366
-999418782 12504575
-941698538 330102187
-41156750 -998593001
-947793888 304751440
-796935714 596689055
-840374911 540912115
-93559614 -994571853
78914363 -992821750
205974732 -976480954
672764870 -739523678
397949255 913557576
820719195 566708669
165840397 -986039113
784986851 616778603
-701942173 707243693
-447344112 890629716
991426529 -129674972
933784901 -344330024
-365219688 -926207786
-823095830 563725105
-178303196 981669784
840511221 -533614787
-657881525 750310041
-747868037 663223857
712185787 696638132
-729400031 680233703
-769806420 633135077
934958534 -340450191
-975597174 215667131
585261811 -809759137
565696955 824051972
530328834 847625307
997168445 1277193
-500563453 865433425
-47078938 -997018544
979246991 183162946
-375696176 -925630054
932180424 -348904605
976249217 196211189
-966485619 -245671502
-616539473 -783927758
219905113 972139535
-940631509 -337272069
432460531 901526161
432185045 898285393
20788323 -994916395
946028532 -311140055
453651266 889108591
795720259 -597896379
-989485340 131722299
-951256936 -303059076
518022929 850675491
-192984206 -976991985
-843821342 532728553
-707572178 703251459
994157558 87264724
-396049172 -915025086
-727931086 681689534
-548806772 -832959517
933328498 358040433
-193492947 -978679692
-971435320 -231942322
870626098 486019711
331373222 -942978383
587907096 804036103
-994565915 -39607758
997207621 -16533379
-471459277 -876548036
-953971612 286821378
-716087433 690954193
998082950 -10715441
699460015 -708385123
-718643815 -692957846
-682579767 730329117
-984727072 -143942442
-628481914 -771618441
-998633871 26090687
-771065136 -633161092
-293562737 -950758201
-972395261 211267916
-176994481 -983212097
996673870 22442747
195107371 -978688301
-740963251 664495350
-751197879 656353299
597631296 798741064
-189906269 -978500970
-680181499 -732810038
226521152 -968987371
-996133417 -72040785
-845834354 -526872079
670919186 737042305
876908672 471023114
-939972900 -333314266
-812758203 -579300772
-980759113 -194445601
-236612702 -967889436
-413279807 907902139
529621426 -848174933
827604141 555073879
744020884 -667475538
569760731 821332465
-926215832 370285182
-695126763 713705156
-822559980 -559931029
-996596203 -77743294
282645137 957933109
197408048 -978612058
790391053 608998340
-264325490 962366011
-911644975 401162506
-955036538 284966742
-926785117 371283464
990745770 -129379312
850033958 -518341236
-122395036 -991451643
293228500 951716850
995156050 -97232303
782017120 -617410178
155580699 -984853455
-928293207 359106750
-2010188 -998381536
-32350124 994646047
-747616116 -659039566
-554393722 -830357953
998725224 -12864902
-884758368 -463524032
985437946 -156336108
819970024 566628554
-46091254 -998094095
-955631870 287871493
-690596790 719524538
-426471385 -901777354
-739252310 -670920661
-128216632 987907198
-954425330 -283207230
-925454095 -377124662
-948917900 305894274
1272426 -998439619
593134966 802190790
-381883028 919138586
-191468911 -979501541
385523039 921234646
784825034 612075796
-428374807 900637749
851083579 -524859957
-131886540 -991259833
-245349339 967325380
691053625 719697503
-786827683 610762515
-731586849 676859721
639313205 -763176882
736976706 -672770656
-881491058 -465908842
790372756 611149122
-969684517 237392189
-1105603 997242823
712352483 -700695334
-410893398 -911655912
-905933287 -422449070
967673966 -247191227
554807787 -831645066
374699493 -922634978
352533778 -933422848
240865781 -969303705
-91733756 -994772506
598313187 797525682
989571113 134360301
-947531180 305951527
963479746 -260341711
-86657028 994761792
-970699019 -227500634
-9678850 -998015154
998029276 58877482
-930882404 -354424037
931946859 -361012875
170478457 982304467
163799352 -983228497
992113360 88194216
-421131566 -906830865
-773735825 630836377
-995751464 -29213990
-974575695 -209234303
986577284 136041925
-541257167 -839965259
-972958824 -209982606
-964143499 -250017147
944447246 -316117855
-954228094 289652625
-804353080 590954607
-987112947 147290689
-310620449 950061218
57673075 -997479903
377256247 -924476628
570513478 818270571
-907614747 411746176
416081885 907204221
-277916497 956558852
-864051365 -496025472
-989958212 -116113853
-839085960 538819498
-810987892 -581829011
886553117 -454899734
804958515 -590728329
-397150167 -914780537
870081816 -489513246
-979258671 -196496607
-997073186 -49588505
265550832 -960606826
-441584213 892115977
-72210261 993167700
-707607086 -701132472
618038123 -782064636
-986803903 158659743
-981885388 174221229
563205463 -824978596
504637450 -858103162
-431682534 -900279932
-164391727 -982095064
255763802 964826392
964359221 259596823
163995297 985965845
-144840676 -988309621
-917964374 390187842
656776119 750962159
313949045 -947976938
-347599592 -937299211
245440074 -968780315
904464054 420012595
-823837590 -560445582
-225724369 973750932
-232183369 967982579
-998030133 -60769928
271597916 -961891857
-921550933 380517886
810926130 583619124
925688140 365963473
442928256 894016659
621620607 783087997
-788799527 612253113
-652224482 -755917251
436716484 896223181
679045893 -732578595
36739328 997667685
679076667 -730829267
-869060861 492080656
-423291640 -900607402
-472422511 -880983704
-762968513 -638850150
81490729 996422975
932369668 359720326
-870818775 491218759
-145542225 987362633
-560328615 -823378314
-895028609 -436834307
815466715 -572409536
857179706 512060193
81674232 996141454
997583215 -8130541
383155107 -923524127
-900722006 -432622587
-594917792 800868295
-983528908 -169923219
-297050132 -950138536
-992123604 123610639
-32303095 -994756902
-981115194 -167095913
-577409503 -813185089
663186450 -743188023
-922444615 -385750460
-886376794 454124282
-779518100 -621390972
-395344282 917464593
989381305 -114868946
-625835382 775535788
708346703 -704961386
-794376805 -600678215
405314833 914110662
-511446036 855995586
277677559 959975563
803577003 -595129576
-486701563 -871476205
933700696 -352620189
-987612331 153174612
-973328611 212834894
-848774126 527234301
993783422 -69666585
-994562096 -46467871
456619981 885174942
-221289605 -974174003
-980029723 176932256
-231415635 -967766397
-965720283 -252338959
700224531 713427889
607588449 -792368138
988065333 -126712325
989776891 107185185
-846604832 527448037
-908433956 412113561
160203338 -982636973
-208745554 -977799140
-979944605 176508201
152843980 -986016616
964892379 -260702689
503029498 861887616
371665270 -923947042
70302510 995473616
737000937 671896420
-815046330 571910278
-341642340 937995971
635027248 -768150044
278498566 -956913055
908873162 409934611
998342189 31011224
-874154378 483581504
968374637 -240837607
717252114 -695539299
22755655 -997361117
637207847 -769931683
22525015 -998427125
-426710538 -902818611
-541714350 839647037
359521350 928827873
105884929 989606702
-900160558 431452366
45404307 997646907
-508260700 -858870108
296006187 953459948
618971812 -780169503
-789653853 605800945
-908233184 407097880
-946330668 314062078
-830489384 -552525676
-986842499 151271850
-995811550 88533877
960522367 269575740
-401702966 -914172273
-982835685 -166148853
740562785 665363395
-234236143 -967542196
-495495366 865590126
655882323 -750913094
-763972924 -640571301
558231353 -826700841
990229080 114631662
367209177 926066580
-421086983 906660823
737371639 669321009
715322252 696353889
-237813997 -971032134
992296212 75038250
972841970 -212818534
-997810477 -60121628
548969388 834273530
-903773289 -419430496
-254014127 -963188916
-663550720 -747972980
-675380240 -733556819
-56487846 -998333993
513532724 -857471248
-83526380 994823656
-377239354 924340524
-524808993 846129846
678206203 -728458001
43414292 -998543253
-437207688 899102884
-501672379 861439019
954768390 -291780093
-980663670 181342533
970743606 -221105903
794480791 604137058
-847743929 524437995
-106165682 991609331
-995657462 -82441745
-873775150 -476695243
-666167241 -743256588
-401412949 -913679412
913571454 -396260363
767528697 -636431635
195960242 -979728445
-575740397 811880294
-944428710 327275624
911043684 403460390
-973610796 -209606753
565348864 824627403
153629333 -985729260
-279024972 959423235
-819361790 570930141
878091971 -473541230
-369810388 927471052
-968977758 -232971020
-969221686 -237000336
-956189830 275911232
-350711297 932235961
-432554696 897785461
994692097 -85902181
-262657145 960362339
218008091 971923631
-661230307 -746632843
-445285190 891487133
249541524 -963675431
997306246 -23308215
-10895379 -996107167
959914626 264604001
-112541134 -989958276
989981253 112100872
671031763 738478810
982017138 180462790
610765947 -789935986
978689605 200705414
245581849 -968108038
-897100550 -435830703
-618153085 -782125950
940392433 338020580
-427819698 901650483
-904611432 423213278
-993331661 107195542
-476565744 877695972
439950659 -892457248
990881341 -110655921
988833183 142094423
897867844 -437649173
819786700 564569932
599627896 799190776
755037831 653469107
908312437 415869365
-859764560 507149415
-697525105 -713919503
-352952480 933024812
-868421039 489782404
875506467 476119673
-170618569 -983634340
142888199 -986407775
966847060 242433123
774038955 631659439
367472632 928874892
710119050 697846523
743040207 668717870
-394135601 -914033624
-186463796 980230636
481403952 872133849
-211836440 975701029
976275655 200835001
143616240 986963627
-755458793 648812560
-883864438 -462242773
-40776084 996382975
-879059841 -474566948
-988529717 120296132
580355258 -811000657
-506205239 857751631
520380052 849765716
347822985 937213827
905171875 413312974
-684279850 726984565
984917035 -148418066
170530550 983562444
-387748977 -916458700
900175045 -433542178
-771700016 632045075
279279880 -955080911
-564391534 825354500
-201239727 977119725
-604947970 793889277
777265962 -625788131
-334546298 940237250
-148845917 988395749
-820510345 -566961603
-924774922 372763838
900625278 -423166465
583478694 807537053
837809490 541965153
-251727578 -966109624
-966345582 -237300432
-532774701 -841693387
977344056 200197845
631876861 771795502
-337690826 937200664
-140248822 986778033
946485674 -310646279
40155018 -995000403
-586273160 806269860
834944851 543070958
441851576 895408893
897590278 -430566388
51020610 -996982560
957792650 -275505098
555522038 826321312
-299007819 953182213
231174635 -969143046
960658673 -263651217
-846248350 531673321
961923747 255025237
-272095666 960727117
-710420305 696780687
399767242 -914136410
3290137 -996553906
-486098331 872929953
-710945636 701548864
468967379 883163019
-980600180 -169602773
954303284 295464625
162086912 985478194
-307770282 951358637
385124872 917810275
-525428750 -847427077
-971670422 226721327
330198137 940477688
728859823 682166345
-379907978 -922465298
-567920950 818382689
-164643168 -981593251
-245126635 964453288
-551540545 -830405176
-123843672 -991280939
-416919377 906916123
-668939176 -738319033
-731012146 676966225
250134509 966091357
-662297379 742663294
-850034373 -517921854
-940469207 -334149656
-255550496 -963938477
624063930 -778679683
427885994 900211973
896924147 -435617809
960219548 277272244
482629154 -870515258
38544756 -997811339
471452928 878386485
609706780 -791814728
739469830 -667093978
-280211113 959415736
94698897 993027059
274698376 -957621786
443425265 -895727312
892915124 448153311
965068149 -259783964
999336296 -5982065
-296113219 -954117349
-858469137 511131695
571103985 819190511
695400076 -718473449
684174265 725862287
815715216 571495879
845461397 -526896502
992010871 -81766267
492236402 -868506380
-594177787 800707364
-993959879 86643544
-950751983 -308075753
704067579 705515723
-446487467 894683581
-900957318 -426264258
-392450007 -919348789
-235597568 968169219
535738108 -838643152
-84871100 994547022
-805134472 590794306
-532986339 841993273
244348566 967339791
804779309 -586208651
470300121 877894373
823460183 -563730867
993160452 -68654052
-828297250 558845885
935132370 -348126055
503772103 862860897
-449030081 891022889
73943176 -996832412
543919774 835246065
-986217631 -143398912
436166984 894384992
-905820049 -413124852
320124012 -944389969
951796603 -306642611
-806370121 590414315
-833472990 544874378
-611761385 787571696
-85534301 -991921337
-980586715 -194870099
-477381748 -876998544
357007344 -931862468
525738712 -847232335
152659100 985234348
-247513775 965887990
611173926 -789596795
53120049 -996808490
-8497936 -997164967
761824202 -640430701
-76276639 -992386241
-993683568 90908507
918342908 384334529
559155737 823783079
948379230 -315151610
837406972 -542295777
-835797834 543276884
980916182 -177292937
993921402 62690704
-488303066 870234787
-836447490 545233349
895787636 -435734092
-483631975 -873097903
540947643 841026530
910234902 410528258
-886901412 -453947345
-504126809 860830795
-666312384 742481268
552499875 831242526
312232053 945123328
822912025 -565603618
987958672 -144068710
758460040 646533377
939693920 -329389823
997875708 58936088
777227552 628911710
-523133611 -850896244
-923928631 382316368
704375607 -708546277
998503995 -2737424
565210435 -821766851
-753128869 650347134
-333673317 942398670
178564917 980454842
-454181455 886166752
-997362561 -12471687
586627047 -804885253
-828561932 -552089151
441016317 -893527392
-483164176 -873904858
9420380 997325053
419784963 902771745
-370660804 923576297
87957749 992774044
-984957516 -161324265
891700125 450091222
-955180580 286158710
463236716 884994199
469992492 882366013
924351026 378072283
-601452312 -796769027
907676315 -408281038
996025940 -3260303
-976913328 -204249360
-104382329 -993783936
-986458716 132166015
-30229032 -996043833
316716807 944364101
682907784 -728847851
54962661 -996872446
309681943 -948707237
-232784313 967682632
925977832 365983067
-998534225 -15018074
-855017495 -511929583
-211593087 -977196410
648380611 -760843610
-979473559 -180724865
-749190087 657429399
-883457998 462128387
-782176677 616611643
992091013 -76599036
-983947244 169645521
841100343 538752779
-443323103 -895682877
423995433 902712085
-697698884 -712716964
862527842 -504079600
276582955 -960128599
-955746082 -281696027
313069840 944716547
-994529233 -94480480
-15237065 -999457544
-295112798 952070651
707730756 -702372161
800677289 596640188
-512645074 -855998413
-959805349 -280241222
-736599470 -671341343
794016987 606024499
487753988 867675071
704959645 -703847744
-870632361 -486879042
207660378 -973445787
-942351840 -327816936
-698036851 712301097
294649295 950994459
987309515 157199984
-229392433 -970652733
476465263 -875000837
986761700 -140863838
970838287 -226681123
-816168354 -576754999
-805869938 592044168
-971470844 -224554065
-923691538 373217519
-666147444 -740536328
975963334 205343260
929198852 -365208567
311576596 946538885
495471730 -863350990
982539162 -172857493
998810114 -30566847
-291205932 -952902532
875818859 482048412
723291502 688291075
-232606940 -972047299
898370709 -428538135
963688549 -255692757
-244967559 968964384
995348944 -20675664
-388210583 -920115111
-653563314 -752609763
874503380 478562603
983652255 153567349
-813411392 -577644558
-131703046 989023021
-389350459 917723210
-966516342 -238468388
-978074449 192585187
981336517 -178027528
342379524 -935687525
879660026 -466888444
-772325338 -633426300
-446423924 -889633045
279562134 -955386559
-686844672 -726744602
821431203 -566320247
990466854 108937139
-22465801 -998809505
-806022006 -586454704
894025564 -442803661
-908145460 -407150940
940636426 338869970
-228575045 969882766
965623821 247629483
42724364 -996753494
-986494699 155515952
996824610 -49242790
-62704464 -995957579
-813927119 579274455
-711480632 -697859372
-679027593 -731987086
946905353 -314579646
420281696 906210564
983651092 -161017336
822777000 567276551
992944302 102024502
-857643166 511487907
-817172519 -568295046
-950153796 -305610392
-908749469 -411575808
978512145 -203630376
396442967 913656283
-6090482 999898945
-421125496 -901997306
219339195 972504912
812090073 576346963
464206851 -883601304
-848167807 526014275
500939080 -859987298
-808459813 -586613649
844688862 527614274
-982187185 167375755
-189575063 -976777595
804115445 -592664400
-466427260 -883967914
-610658526 785900089
183745826 978565926
727412803 682693566
-160015722 -986636770
514860382 -854871292
-896901716 435281716
370976989 926409748
-990340160 -137418103
920047365 -381146864
-564006868 -824760575
661121547 748121294
-865244157 -497718525
-69176092 994902821
994500673 44552115
737292779 671670738
468216083 -881382551
-159018459 -986166267
-616760868 -784228293
230118213 -969682659
-734632175 671302456
-329372175 941142133
260390403 961225207
-246930355 -964638525
-12583949 997727510
816588353 -576972019
848315330 -526908128
702834444 710303687
-860723308 501452634
-377987745 922609557
-641485488 -766837977
-171435754 985046451
-816599932 -568776399
-784099161 618385667
9318502 999836140
-997179327 -8049362
161443989 -985949873
587379200 -803444281
-884272099 464309076
304933756 950948496
-791172246 -609283629
183742718 978334047
-989013451 136763656
81442362 992483797
-243608502 -968774831
930799656 -352408865
916985499 -394793200
-753748829 654787689
-984950609 172421986
-935629362 -344352615
668990617 -737326650
-93632534 -995508865
-998572496 -35526139
