1
1000
449 650 171 4
546 720 809 132
537 535 725 443
569 400 149 856
698 589 947 942
976 354 710 448
824 978 788 193
868 311 918 554
631 686 362 572
836 32 478 972
746 196 123 213
169 940 82 164
686 191 885 927
802 529 905 498
554 481 868 646
611 313 674 656
208 232 238 627
720 62 221 10
55 166 607 757
252 923 311 111
62 318 93 653
548 507 129 268
922 611 149 602
925 187 931 768
697 734 588 995
857 820 623 973
224 667 53 807
103 146 926 277
980 89 863 379
719 940 837 643
414 450 564 351
329 797 125 836
518 296 35 347
75 17 527 20
811 719 538 232
327 537 599 893
109 87 235 379
522 315 183 850
927 631 939 437
40 297 520 501
33 712 427 68
969 743 166 432
997 995 27 221
804 635 533 812
12 951 645 153
555 378 417 244
906 131 549 440
301 353 440 512
87 85 251 943
458 366 17 89
323 867 405 907
170 638 776 353
541 652 216 681
107 672 952 868
236 881 583 277
803 922 762 768
211 904 698 499
631 633 565 823
925 474 656 750
984 794 974 419
956 784 933 445
417 563 746 19
557 929 883 314
224 352 448 912
919 559 464 661
486 452 279 820
784 200 215 48
702 26 176 10
724 50 224 654
755 983 734 674
645 887 690 929
246 893 334 380
742 55 323 495
999 170 47 876
228 273 254 31
648 499 679 640
42 771 905 502
673 232 118 564
477 10 439 706
511 95 455 1000
677 111 201 566
719 823 795 64
164 346 55 464
59 851 626 708
729 501 307 438
340 653 243 381
709 304 605 146
252 55 820 795
826 324 863 840
536 920 793 153
456 7 965 336
186 62 972 142
441 972 607 51
241 150 912 271
873 907 296 174
304 485 71 930
461 908 187 182
455 483 488 814
434 850 872 465
391 617 180 93
697 784 367 733
255 382 364 490
303 92 629 993
13 46 745 867
153 384 415 115
334 188 837 370
587 388 436 22
426 870 829 673
426 620 506 395
995 907 481 784
427 202 56 8
243 723 650 159
810 735 115 240
624 707 839 574
22 517 930 219
133 525 616 405
824 942 780 428
19 125 609 614
24 78 641 806
136 843 27 172
938 641 999 974
37 814 108 479
16 626 857 810
520 953 503 428
344 846 395 575
862 500 251 609
607 72 968 171
854 448 276 993
953 352 747 250
1 545 589 352
954 964 272 270
764 952 161 964
385 192 665 991
398 38 643 319
176 679 828 857
286 751 169 399
101 92 718 361
761 9 613 119
780 406 250 45
158 190 733 761
831 909 522 144
442 662 589 241
552 816 793 365
593 631 578 458
186 482 934 133
250 207 976 807
770 951 62 56
658 106 39 143
458 434 429 634
100 527 889 965
806 512 962 687
637 935 713 187
610 623 569 571
302 312 840 920
313 656 144 909
688 239 493 653
369 908 635 236
463 683 148 124
646 279 807 109
702 356 508 418
858 871 927 251
373 724 744 267
218 400 119 795
978 659 163 380
618 827 512 661
240 407 564 595
659 635 419 641
5 4 83 198
556 117 839 62
113 754 757 875
335 983 158 334
77 74 84 373
167 610 713 276
75 565 317 432
29 374 235 890
664 385 397 358
174 154 392 483
159 392 264 137
849 673 50 652
208 825 964 877
803 409 665 323
917 943 402 509
836 274 301 217
326 378 199 311
41 681 752 717
845 41 738 337
546 972 571 20
581 368 163 786
398 192 235 363
593 738 294 712
270 662 700 163
105 948 219 659
612 698 684 342
220 333 136 771
456 798 604 695
177 159 178 976
155 688 343 399
898 39 268 716
62 717 525 919
605 162 78 66
531 987 797 422
753 953 397 382
226 309 173 477
811 481 538 679
833 575 687 403
229 259 944 457
259 939 470 147
335 511 367 297
663 909 319 11
418 575 954 747
882 87 831 339
118 452 410 204
913 152 569 624
227 283 587 807
112 715 930 708
45 240 679 495
233 835 641 267
360 610 955 882
253 466 260 496
731 352 435 685
440 128 452 12
308 185 994 983
575 134 997 309
606 982 788 277
639 736 334 756
2 693 164 843
263 295 861 325
810 238 524 477
687 398 557 126
823 16 918 639
462 560 297 959
585 124 282 739
207 441 97 540
735 796 695 980
514 572 289 255
528 365 977 845
381 401 176 29
292 573 936 199
853 763 96 37
762 855 473 729
812 611 49 485
21 592 550 708
202 718 847 976
252 941 192 142
802 778 149 614
20 56 389 505
242 405 842 609
280 226 4 451
1 991 763 225
181 963 776 158
12 228 206 643
622 89 865 242
657 986 185 182
225 341 701 275
340 493 272 905
845 107 850 976
485 715 86 511
5 433 157 54
602 1000 386 772
955 992 638 977
729 218 494 925
200 569 542 173
103 411 364 807
631 177 219 306
786 952 705 320
98 945 819 249
563 893 245 369
118 818 539 642
20 276 502 519
622 326 990 215
170 631 600 48
486 315 973 732
133 165 342 19
675 663 446 107
84 912 169 956
350 383 290 959
171 21 163 116
194 185 684 905
357 673 688 456
44 291 491 801
581 588 354 548
813 906 459 571
41 597 468 886
918 920 252 102
860 156 360 345
952 212 440 389
945 848 274 733
50 595 362 883
573 748 294 296
599 692 835 633
589 790 604 882
711 672 271 160
66 736 536 51
185 39 636 778
55 536 486 704
191 565 580 747
479 628 260 689
71 641 345 797
172 643 843 522
496 921 694 98
665 590 816 442
704 896 717 909
645 635 274 216
770 775 800 683
701 509 677 977
850 367 315 133
594 252 495 619
857 999 174 80
698 943 844 689
919 548 825 655
925 824 792 246
480 905 849 963
50 467 182 597
309 880 196 39
966 299 606 528
482 322 781 547
177 857 983 378
695 256 951 249
68 18 693 843
895 546 529 504
884 506 553 537
784 219 631 443
779 285 6 385
715 861 193 958
74 936 294 989
914 677 40 670
999 937 891 536
978 131 13 53
701 520 913 288
556 915 769 738
785 10 997 84
995 358 667 192
590 696 985 54
503 3 899 246
171 384 371 914
597 838 811 919
384 316 67 448
740 606 939 107
52 632 741 605
150 706 560 345
890 801 150 987
824 816 671 590
763 765 84 50
655 70 476 521
738 395 942 947
867 231 108 228
953 121 293 49
9 303 859 449
130 946 54 865
956 837 360 52
368 209 755 628
253 91 786 220
700 691 826 829
777 257 525 558
923 782 378 757
410 228 111 726
566 249 609 48
888 710 794 534
356 570 889 38
236 228 715 558
612 921 573 430
729 766 808 799
439 762 261 785
561 734 589 719
88 636 649 959
16 793 497 270
636 42 870 110
474 166 816 436
953 476 939 680
146 412 349 683
240 810 264 705
146 151 43 499
172 895 865 56
59 906 835 120
858 914 786 995
71 514 363 905
407 276 889 153
787 762 833 15
37 935 579 975
97 38 226 970
880 462 224 400
675 592 103 566
179 814 648 424
2 371 964 771
398 864 135 970
596 912 910 768
657 962 574 729
288 980 617 210
638 845 229 406
171 573 262 937
317 581 382 405
626 445 182 977
248 295 962 893
881 917 821 429
128 694 447 643
367 648 865 929
97 859 792 837
306 276 902 758
168 948 467 427
141 647 362 456
106 21 150 294
205 517 203 408
288 5 930 672
512 488 935 316
307 842 833 51
489 601 667 964
753 186 8 546
542 232 493 247
300 712 955 464
323 234 749 890
48 302 712 248
566 693 403 533
781 65 927 892
977 927 222 955
326 653 706 448
498 877 294 378
562 744 28 798
364 998 422 106
544 262 77 287
443 705 116 900
44 120 268 54
280 476 838 289
591 10 974 125
658 734 256 349
738 924 405 720
216 993 504 645
273 279 350 355
903 180 855 562
511 914 364 867
317 17 391 597
938 693 157 41
631 355 540 914
498 226 362 375
770 758 316 927
164 266 759 747
521 85 504 57
404 933 405 858
406 94 846 967
617 262 74 121
461 420 951 359
75 89 385 630
727 17 197 886
252 748 479 846
214 608 173 180
551 35 287 27
380 512 402 354
102 797 62 327
935 458 219 769
485 964 875 865
525 757 327 134
390 813 188 251
780 888 900 959
946 209 192 470
207 218 978 311
120 106 906 454
446 525 379 681
2 371 113 605
422 662 416 995
89 926 436 439
577 828 960 763
961 232 77 923
448 474 153 635
454 839 882 948
190 839 319 898
347 258 647 892
37 108 483 118
102 598 141 229
378 772 190 116
207 383 956 689
813 654 782 16
259 314 446 316
175 926 276 824
473 9 870 952
279 811 270 799
111 807 175 565
871 169 374 682
329 756 753 216
456 430 260 70
234 975 251 667
793 811 643 476
443 621 459 425
248 990 842 513
778 165 922 188
553 147 621 441
348 149 679 204
514 383 45 61
819 511 245 79
631 799 836 278
90 373 262 719
580 241 953 274
777 389 699 467
67 658 548 399
68 672 47 0
420 38 142 739
528 372 858 59
164 775 179 626
977 938 809 484
655 103 880 579
584 65 705 337
826 969 147 700
845 434 97 741
817 872 540 95
476 816 471 751
378 14 703 457
472 398 53 639
646 602 965 520
211 262 572 162
283 291 494 597
84 190 669 915
54 131 265 215
951 303 198 23
193 744 455 904
297 225 748 869
763 550 86 201
56 935 388 651
617 171 477 548
955 416 375 654
284 853 928 990
796 928 900 38
757 710 630 474
33 173 238 980
691 75 453 560
535 243 847 343
990 374 598 53
742 509 312 651
812 78 434 918
81 928 138 905
917 257 387 976
418 934 756 415
518 801 85 253
337 592 917 980
114 305 271 748
204 978 862 138
610 999 881 407
458 345 915 474
16 718 437 572
527 252 833 840
440 879 920 136
506 718 510 581
925 778 817 61
811 493 925 416
374 177 933 358
235 236 583 394
460 511 10 541
265 489 50 962
801 624 24 521
382 577 196 932
816 26 111 25
162 127 646 608
714 597 496 517
113 516 797 526
799 591 375 581
42 303 549 336
620 142 932 440
697 97 924 768
793 633 883 47
372 601 163 926
418 567 662 633
102 301 336 38
230 279 452 92
213 146 108 738
340 769 47 128
761 756 909 52
87 461 84 786
207 984 408 561
685 335 973 850
589 244 584 572
206 527 45 752
441 637 666 607
329 888 7 468
931 889 597 245
481 534 666 621
355 825 650 615
879 284 885 207
572 583 916 924
376 648 157 753
158 72 968 516
137 937 2 180
109 296 712 841
276 289 520 609
4 0 631 689
707 731 492 361
485 520 85 920
934 624 633 768
163 496 685 851
265 82 323 451
211 225 473 427
985 919 353 576
415 794 109 160
296 765 414 271
445 828 105 79
566 400 233 312
165 909 995 936
438 260 840 595
605 405 25 846
547 207 564 805
287 981 404 925
843 632 934 350
146 810 172 65
867 27 438 619
572 36 904 185
800 163 920 395
450 249 44 758
164 794 672 157
34 193 980 882
460 326 470 580
84 114 928 43
257 273 54 92
213 66 764 282
362 98 182 887
123 875 913 183
696 535 42 288
455 832 608 315
493 145 306 97
65 735 547 703
619 685 411 570
738 181 270 716
686 312 916 610
188 938 96 54
467 287 990 559
187 382 476 246
113 231 238 433
910 332 677 677
961 334 826 890
318 233 684 297
841 420 804 836
921 794 176 429
499 459 444 676
12 351 300 486
45 913 810 31
807 177 417 587
128 925 237 340
340 608 128 222
211 359 307 571
189 353 193 242
510 552 222 356
607 631 502 781
367 399 3 121
526 139 115 408
742 949 821 303
410 871 5 75
276 464 357 523
680 328 415 485
870 841 706 728
185 234 445 856
837 47 341 889
431 668 33 936
632 576 203 654
823 168 687 985
128 238 483 867
834 360 650 53
408 90 76 9
69 17 507 559
688 126 721 623
555 581 474 509
820 747 628 820
588 988 524 799
627 403 721 961
686 704 861 264
679 37 620 123
701 464 828 254
417 870 247 818
771 740 933 52
842 403 964 565
634 583 327 622
730 418 761 647
426 868 118 849
522 439 612 716
25 729 776 830
599 37 670 999
447 952 142 542
10 181 999 331
300 619 897 671
310 107 344 739
132 772 495 696
1 290 46 406
63 430 725 121
24 579 43 633
83 795 41 671
662 675 507 807
529 129 355 791
580 415 574 997
2 846 857 120
814 371 709 288
161 215 314 378
762 33 646 847
831 979 9 371
262 73 990 794
734 373 151 951
179 848 910 194
59 7 56 72
302 826 477 106
259 262 576 446
246 741 874 466
325 690 165 35
703 917 399 896
514 143 373 618
289 578 743 413
150 492 721 806
864 446 2 435
296 342 354 300
195 82 943 867
927 423 905 714
310 306 392 667
533 248 500 675
959 583 939 834
66 683 233 768
545 479 443 329
688 875 79 696
583 358 792 429
946 104 862 0
464 98 43 773
906 627 335 386
851 828 627 695
305 485 611 459
853 36 752 247
458 338 449 974
791 303 794 369
559 815 545 337
738 750 119 778
997 561 565 440
367 992 403 348
284 996 384 53
928 186 787 398
720 255 298 185
589 87 204 359
664 28 473 688
126 618 572 628
839 495 151 809
420 968 492 220
366 364 178 623
172 374 611 221
544 276 745 109
908 500 709 62
719 543 742 448
735 18 848 991
453 118 365 121
23 91 734 519
64 573 510 977
619 584 285 961
103 502 843 108
26 529 189 996
795 41 538 633
514 822 495 197
49 217 771 244
155 521 562 152
280 156 272 655
463 908 821 64
498 162 205 684
617 646 336 41
157 925 838 166
341 402 210 216
896 836 749 395
226 823 305 989
261 497 601 759
969 428 882 776
307 510 0 649
60 947 312 633
883 507 960 175
719 567 944 560
681 995 497 682
114 692 358 401
694 884 386 28
368 570 339 573
323 241 67 581
813 614 89 455
247 200 52 517
457 750 156 639
806 301 981 595
545 624 125 63
561 151 513 593
14 414 284 437
627 166 181 367
39 401 659 41
855 192 516 151
163 87 758 22
561 380 812 865
629 374 526 372
661 86 713 638
761 148 976 60
154 434 325 627
757 671 774 530
938 701 311 323
537 674 870 460
762 384 216 119
913 409 814 465
686 565 302 45
475 127 604 136
562 522 966 47
723 156 429 714
292 343 434 610
779 669 882 231
353 963 382 872
165 208 992 184
228 195 856 695
457 79 610 806
135 586 690 800
661 846 461 127
716 472 920 806
595 961 379 684
760 340 814 113
930 145 712 195
568 81 997 685
265 969 975 357
619 153 278 600
497 66 823 691
431 703 491 674
614 705 793 660
548 957 970 624
1000 609 567 557
696 809 99 528
439 924 5 654
397 50 808 259
622 234 157 571
901 979 445 570
974 436 189 948
67 16 668 496
339 209 786 766
489 251 188 926
66 626 913 716
723 639 672 813
781 595 724 769
976 801 939 265
649 247 880 478
116 254 168 987
620 415 111 6
177 866 63 240
423 880 819 91
564 974 308 20
665 357 681 312
203 654 460 339
382 458 617 709
949 47 901 432
992 46 587 287
848 374 276 731
551 955 75 204
684 43 89 355
144 530 659 264
347 262 942 336
313 639 897 207
61 503 818 752
50 120 769 835
27 644 183 433
114 639 695 1
7 982 762 269
354 394 469 250
498 149 813 486
346 85 753 408
3 901 798 578
545 14 72 181
395 64 813 66
275 581 83 704
518 511 632 224
482 319 279 651
98 354 814 956
902 974 624 214
618 86 513 65
631 115 717 302
545 899 209 631
157 500 85 740
270 184 365 1
125 324 871 680
562 646 746 694
208 906 263 812
868 878 823 129
311 743 522 851
969 690 824 82
97 166 330 524
263 500 641 876
907 267 711 836
521 592 855 832
133 792 514 797
963 977 375 662
176 718 392 738
329 849 172 134
957 489 980 996
659 459 997 218
640 720 600 757
826 733 235 942
740 997 574 414
998 54 628 377
363 908 399 725
237 880 883 135
796 167 174 279
995 342 354 807
894 595 586 306
407 399 370 394
218 60 639 41
884 854 909 725
463 348 919 592
913 83 680 900
578 765 487 781
832 514 240 682
57 173 630 959
636 862 6 987
968 270 525 509
955 350 291 399
545 485 290 327
785 191 583 995
90 311 585 600
783 303 927 450
476 257 280 906
733 504 313 534
454 287 802 130
144 721 960 711
298 538 93 877
938 235 303 982
259 838 300 112
829 921 487 372
198 855 617 760
722 9 614 937
835 974 257 847
185 930 700 888
303 136 590 3
214 788 417 650
671 961 825 177
230 468 657 888
808 143 120 960
318 631 272 626
129 213 208 18
563 195 809 859
940 468 687 775
956 141 877 233
648 389 89 340
730 352 109 623
801 125 451 166
421 153 180 278
398 391 112 97
548 329 422 528
626 164 180 574
478 132 406 943
949 527 758 841
862 558 406 451
103 273 943 466
943 167 702 570
887 782 866 299
907 140 551 946
505 386 470 214
622 377 412 109
970 123 992 85
55 667 454 467
209 185 215 413
482 605 637 709
718 328 458 379
337 853 762 928
875 663 11 529
459 116 25 666
986 431 117 632
23 228 326 697
151 633 786 236
817 429 389 960
970 780 220 673
859 277 160 897
560 679 998 137
404 723 428 853
41 132 240 233
313 30 991 983
398 520 288 220
993 732 893 732
44 640 576 606
322 567 790 903
624 140 273 722
387 333 540 156
287 885 893 257
743 723 71 169
586 509 577 463
457 989 190 384
30 527 460 999
299 149 655 867
496 781 818 140
431 735 546 233
708 641 194 919
815 317 303 463
766 635 838 221
596 726 984 598
574 186 934 503
696 599 391 541
103 481 112 410
491 184 696 111
384 155 349 710
419 517 649 922
91 428 487 933
687 887 11 404
621 390 843 324
555 183 97 151
996 524 625 184
759 396 691 540
330 338 719 1000
592 732 5 890
271 824 335 740
904 728 46 18
173 970 387 51
760 197 324 597
514 181 122 113
91 932 773 363
249 982 128 515
332 353 669 193
888 531 766 383
391 265 189 710
536 127 187 673
